0.337791
0.223801
0.3335
0.248841
0.49663
0.288669
0.424357
0.14764
0.586014
0.262776
0.178278
0.57588
0.48
0.404179
0.152574
0.137483
0.67969
0.449131
0.760031
0.426828
0.654338
0.666602
0.315706
0.700191
0.813307
0.659902
0.320649
0.612347
0.454776
0.298418
0.408457
0.331306
0.43339
0.361849
0.439305
0.682865
0.255117
0.659556
0.666192
0.665788
0.318121
0.804383
0.813934
0.854149
0.869371
0.767976
0.630916
0.811792
0.669006
0.337791
0.223801
0.3335
0.248841
0.49663
0.288669
0.424357
0.14764
0.586014
0.262776
0.178278
0.57588
0.48
0.404179
0.152574
0.137483
0.67969
0.449131
0.760031
0.426828
0.654338
0.666602
0.315706
0.700191
0.813307
0.659902
0.320649
0.612347
0.454776
0.298418
0.408457
0.331306
0.43339
0.361849
0.439305
0.682865
0.255117
0.659556
0.666192
0.665788
0.318121
0.804383
0.813934
0.854149
0.869371
0.767976
0.630916
0.811792
0.669006
